-0.13443619925414593
-0.10275652054290994
-0.10233170432244569
-0.09874815292938421
-0.11363701923525221
-0.12749223149558322
-0.14634116244554388
-0.16271528028277407
-0.14533546073920287
-0.16339373788959086
-0.1531486307200199
-0.17307624105965053
-0.17386904724557353
-0.18331996439032483
-0.18028410437352338
-0.14798417799694774
-0.1307848645030317
-0.13537166695075234
-0.13588083538173532
-0.11902394817866974
-0.12302574908950122
-0.14073866192867918
-0.1419872380091237
-0.15131059094375965
-0.14116704292030408
-0.1536262942262409
-0.15568789998049776
-0.1577873344440841
-0.1587585226608039
-0.18360980451324857
-0.17870725555951722
-0.16337301450207392
-0.15114282007603294
-0.14154100486540402
-0.15746104768473143
-0.15182487281632004
-0.1334729081560308
-0.15470241514260716
-0.145068260395957
-0.14244060112700221
-0.15189176789438444
-0.15980804941103977
-0.16745027365687956
-0.16917915852199933
-0.13835551135783355
-0.15979201442673463
-0.16891658461278886
-0.15781381586450707
-0.15348024497059706
-0.1541914498771932
-0.15874323999297638
-0.17377624098977645
-0.15531648893136737
-0.16510311517443213
-0.14359901378810325
-0.14408934669036016
-0.14427810223899656
-0.14224210933331088
-0.1428750948417713
-0.1475487220359574
-0.12998943816831632
-0.14713560182397714
-0.16085668700916078
-0.15373306917324678
-0.15190100864925885
-0.16315753428618623
-0.15473435494060675
-0.17199436582921576
-0.15563715316710822
-0.15794726867003583
-0.15133730131422848
-0.15350675812359868
-0.1500071499939057
-0.1540970770542563
-0.14709823985150486
-0.14164051300756378
-0.12403476443708918
-0.1412314679217559
-0.15563828116554163
-0.1494741857226544
-0.15833485405339215
-0.1706196354191551
-0.16430575961866398
-0.1657042618222429
-0.16419314730401277
-0.16014405434494824
-0.1622279213297276
-0.15097586088488044
-0.1459802906519359
-0.14245863889456511
-0.14835406106056523
-0.13548420497345476
-0.12648141400345686
-0.14723691930665214
-0.13921503556720446
-0.13261872477147046
-0.16799702319777665
-0.16690767406155368
-0.16715531903621306
-0.17333181665325686
-0.15689032853342746
-0.1534407247133049
-0.15628798322508644
-0.14457520115026604
-0.153160718916038
-0.147352137615449
-0.14609524270652752
-0.1380668200373605
-0.14961476122024708
-0.14856814858732587
-0.13317290881380264
-0.12210300845969745
-0.17320424092820902
-0.17506317942270572
-0.155627940502748
-0.15854977190081068
-0.1616808837003212
-0.15495007025907545
-0.1599421389084231
-0.14695855054243548
-0.14168898036423036
-0.1369461577294344
-0.1534303199195925
-0.14764020561759117
-0.12575762528872922
-0.13801965611363776
-0.1374638301529276
-0.12933474218245014
-0.16278395199856485
-0.1673041395506144
-0.1598791179639888
-0.16415797500511656
-0.16098191838235368
-0.15186520993683955
-0.1522158827186985
-0.14636259976441
-0.15181048304689657
-0.14068256604092194
-0.13491929002011907
-0.1233686788699227
-0.12357627710435436
-0.13508127346118326
-0.13833299355367437
-0.13561248049058927
-0.15268637751444294
-0.1559251354608117
-0.1727353469130927
-0.16386104206199295
-0.1547167757660221
-0.14190081482631584
-0.14939368484470833
-0.13988630151158524
-0.13677708611209874
-0.13796726060962508
-0.13991969280503663
-0.1452984452201201
-0.13487682670611287
-0.14321829176151865
-0.14147637866576848
-0.14233907711487115
-0.1518950576767542
-0.1617889405675435
-0.1532251953102916
-0.16847792909130807
-0.14594964105916192
-0.15517672309828487
-0.14990556833745527
-0.13599249000825
-0.14540511068934928
-0.14640088254688594
-0.13739935942169731
-0.1463783031739765
-0.14259751675164806
-0.14863307810284623
-0.13920926436202405
-0.1352002606665376
-0.14807788888756326
-0.15818909363621975
-0.1531721942259773
-0.15700106340436956
-0.16132867510643714
-0.14300437583348685
-0.1463875729440362
-0.12686134225841336
-0.15280487293030304
-0.1585469499802485
-0.14952106735817203
-0.15622416523212407
-0.14550585400184146
-0.14309314734699483
-0.1401820369872641
-0.13266672767850016
-0.1538618819795778
-0.14007430961752987
-0.15961090265702518
-0.16513196098413988
-0.1549886288442398
-0.15283772045119035
-0.1583077164600464
-0.14731277009275684
-0.14895457999813375
-0.14924033945084378
-0.1617901896734244
-0.1440508109695723
-0.15149109858563065
-0.1533348808565257
-0.1483317310829813
-0.1344664490059433
-0.1321669951641111
-0.12552559656600668
-0.13498762806433437
-0.1491566558696478
-0.13933219877845354
-0.13580789506006982
-0.14415424834513788
-0.1510279624428321
-0.14733768971163125
-0.15510716294775265
-0.1724764748987363
-0.16390228841151946
-0.17156339555414554
-0.15467326584694963
-0.15372883365283274
-0.1404449636426592
-0.1348787124551675
-0.12179876409105235
-0.12966216430821167
-0.14512331211326945
-0.14826575003719475
-0.13881753693630475
-0.1443687197671199
-0.14885327810973617
-0.15455037479765166
-0.15897359081236023
-0.1613778530539838
-0.1571109682840791
-0.16996269503205189
-0.18124612107455634
-0.15557174882912989
-0.15308260865210666
-0.14560456961476245
-0.12145379367964605
-0.11679258582046617
-0.12835693551178343
-0.14189160971143394
-0.13574393069049986
-0.13985629699707924
-0.14442647837305683
-0.14721868042685074
-0.15560053930265977
-0.14945667456931594
-0.14614614536953877
-0.1353373411499215
-0.20896971439916298
-0.19966496722850643
-0.14751976457123556
