-0.16908577840402175
-0.15155789275284454
-0.14800642694706845
-0.14662386510562414
-0.12098569859583169
-0.11019778383211273
-0.11068795449596291
-0.12470435009730853
-0.14192439824864786
-0.16010507658033118
-0.17270042622653103
-0.15570734649427817
-0.22355549999399604
-0.1644846296498925
-0.13958539600651998
-0.15362238635659878
-0.020882851187009513
-0.09800018578631572
-0.13311392433335065
-0.17795069321029028
-0.13187418664947417
-0.1566343863742464
-0.16102205398844188
-0.1533747118078798
-0.15382864377020913
-0.15297080146346664
-0.15887817395627352
-0.1631400003363741
-0.1784099028367415
-0.1907929336894635
-0.18254515089170983
-0.12307276145707982
-0.07721741363482519
-0.1684059706789006
-0.13534743504493996
-0.14147199993258922
-0.07770560630524216
-0.10659018376938025
-0.1342684848683391
-0.16059002832709815
-0.16952863469226676
-0.1722615781598169
-0.1646265763630111
-0.15752777812909144
-0.16458132262320757
-0.15944797660685517
-0.17352336500303883
-0.13465238432497814
-0.1950411650972571
-0.12687806494130116
-0.14207052712558144
-0.15412514984378467
-0.13052309252722546
-0.13590437764613
-0.13474415374958823
-0.13443952873689
-0.14139437697067414
-0.13913708308758005
-0.1352650916095279
-0.13670840424546798
-0.16545258322015566
-0.15875206502940667
-0.12884409336347732
-0.11102613723205267
-0.16823342076978182
-0.15950837138850926
-0.14349778721911866
-0.1134079126751345
-0.1310536923496572
-0.14099903111592832
-0.13907650180772324
-0.13905559211612983
-0.15378851292308587
-0.14997173750841564
-0.1522109639902514
-0.1545474439463137
-0.17617555400627677
-0.17086112254152258
-0.1493997880747077
-0.11207116674562397
-0.19981597816771812
-0.12178918260225657
-0.10543431077640696
-0.10537752909159537
-0.167203925232032
-0.1733876062845541
-0.16506539003329337
-0.16094620050317648
-0.14315801891291213
-0.15170869286993338
-0.15509745312731596
-0.14807309300599372
-0.15538199540788952
-0.17272333233222376
-0.19561311028932815
-0.22203468837340945
-0.20872231901381258
-0.16283363047180155
-0.1429871720222301
-0.10945246007073223
-0.13137610626735322
-0.12652264816616957
-0.13282463646945708
-0.15721167189175045
-0.16258165690844645
-0.18123180685914228
-0.19055073166261238
-0.20310114231009402
-0.19913548444663037
-0.19488597407933422
-0.17678473554504892
-0.15608157145482163
-0.16750645641838705
-0.18082990030514853
-0.2258244981270683
-0.28104283492575416
-0.1841013682895803
-0.14713547397481294
-0.13287779429942795
-0.15518329518966575
-0.16355825626820186
-0.17774402204862502
-0.1759619004587527
-0.20312273987742663
-0.17601971061797675
-0.16095821634929644
-0.14026172363985692
-0.16396562310216029
-0.18007939852913898
-0.1817159620922192
-0.17259870969470775
-0.12803248028980266
-0.15378346550862557
-0.1598281299270165
-0.16122307257883475
-0.16837495356556395
-0.12998545366589834
-0.11322138010564596
-0.1299546373756678
-0.07746501130007977
-0.06837819401063489
-0.08297542330112384
-0.11359631453220342
-0.13744858087169295
-0.19286433885059048
-0.15900378754047584
-0.15695432884523475
-0.13936091286029048
-0.1423746985822028
-0.14269424963712496
-0.1498801886678861
-0.16788059179244383
-0.15674527109472344
-0.16772298389954243
-0.1796698300213223
-0.1744314980567841
-0.15774606193845697
-0.15923525929127316
-0.13300108903049643
-0.07485413333002355
-0.12567282622580817
-0.1419670459083178
-0.16518493349329336
-0.16614939199349643
-0.14558076386777738
-0.14430261511131848
-0.15031525294940462
-0.172799018390624
-0.1568944967458824
-0.1336657034635022
-0.12604503219655003
-0.13178790966455015
-0.14845545295178297
-0.16731757805202974
-0.1609682085306211
-0.09906807478647835
-0.18963862470702172
-0.14594165702106668
-0.1315745230056979
-0.14315130137437101
-0.13543479189579474
-0.14837913661716834
-0.15350408969318588
-0.14263222645832183
-0.1587482293628634
-0.16553912321884973
-0.17079508758006579
-0.17757570084947252
-0.15205710942041578
-0.11036238866509582
-0.07964411452809722
-0.09787711323971013
-0.12190526720560944
-0.13863000075519927
-0.13638479995894692
-0.14625626777256356
-0.13480595441534055
-0.14916111908185167
-0.153909402340413
-0.14918738063981576
-0.15577894127610356
-0.1606408124130447
-0.16674589566550377
-0.17561058049001077
-0.12217286530455679
-0.12365383815666077
-0.15953894092035323
-0.05104567732455285
-0.2656847644901374
-0.1469388525219523
-0.13106373542175362
-0.14061074703809753
-0.11558162505270501
-0.11722091599349138
-0.12154820739822053
-0.13153003579073091
-0.14365617621254678
-0.17308932038358124
-0.20472888589259322
-0.22702726295705844
-0.17879198254588755
-0.13438895505176948
-0.06948302161289226
-0.16182485123248938
-0.07250871155932738
-0.09796311424345247
-0.14014839323398282
-0.14767362382278998
-0.130523306567069
-0.1326689469568841
-0.13983741409104064
-0.13641976582759385
-0.13527107643739508
-0.12810393435550924
-0.1251693109501699
-0.10980825059478778
-0.18248734081961682
-0.20038768113309774
-0.1842705876003252
-0.27569431259210214
-0.18773586249372504
-0.17511567589528532
-0.15708347777627418
-0.1435646982975526
-0.12676990348682962
-0.14124808685054455
-0.14869225050512122
-0.15998071655064214
-0.17786880627430507
-0.18763242115031076
-0.18213042841739782
-0.11007883003625331
-0.1558618838385559
-0.1254019815228703
-0.17624883016373527
-0.16357742498601716
