0.022222630160624868	0.01912358837199328	0.0064205781008056795	-0.006837513575239304	-0.017873012997463952	-0.024113688658063792	-0.025874943713794604	-0.023483495334442633	-0.020370181539423604	-0.02043958846954637	-0.021439830073741437	-0.014612724146731038	-0.003808551772239266	0.013494337066734419	0.03140404592642783	0.020350424930818234
0.02258474463876034	0.01896926474745532	0.006084474098941847	-0.005790017012606841	-0.010891161967190865	-0.015778803641445155	-0.016710120676309753	-0.016317987127029476	-0.013623157319066964	-0.01376656518575442	-0.013872104329964857	-0.00995233752460005	-0.004622039861334651	0.010083321905062032	0.022629962379367652	0.04249887606321898
0.01356245312292452	0.006188967471502146	-0.0009791118884773659	0.001373409837448436	-0.0050457545870465775	-0.0056635579628402655	-0.007505998981217399	-0.006478568121388473	-0.005334398886720104	-0.004079838817421078	-0.003690756233370812	-0.003522018571967045	-0.0022272169466750202	-3.20311832277681e-5	0.003358796250104712	0.018801106506490098
0.0030453055060460227	0.0008355513755947952	-0.007381010703023758	-0.0023678916109996506	0.00035038421865431213	0.0029895805437577527	0.004147409903001442	-0.001884722819452983	0.0029197175442998713	0.005671378791704901	0.002853562018636624	-0.0031883851688674497	-0.002722075882565511	-0.0066809106706271215	-0.012345814020348539	0.0012859778199912214
-0.007067624073291451	-0.00761959276535476	-0.018084257532843803	0.004751199682744234	-0.005030575145110017	0.00653418447405979	0.018197521089395707	0.010768479531088615	0.012117141293212647	0.025776748037633315	0.004310904680245642	0.0012725969776325452	0.005261589169954853	-0.009202306417947795	-0.022338273357688496	-0.010684076025399905
-0.015518197071781481	-0.015582356474090606	-0.016543159400000076	-0.0011152114129427543	0.005500713063666535	0.01424146536915398	0.01850259644916924	0.015287033535908101	0.020693178151084055	0.012434457451578854	0.003987626534975669	-0.016827511256676503	-8.932966446334456e-5	-0.014769020494885848	-0.030518241609624353	-0.008687827076871907
-0.016758427954462085	-0.019123844820924746	-0.014050687526382624	-0.0032118326465848113	0.004487129444084512	0.016136576936169628	0.01891044136025799	0.022590905497596014	0.0227660843423209	0.017087858362065486	0.010317308599504874	-0.0032667089675459254	-0.013763192256625215	-0.024892486075446404	-0.027182233818785873	-0.00660042112170274
-0.02108250959869494	-0.017599390269410264	-0.005517306128890953	0.007240045086423105	0.0036014222390077927	0.004483794168872318	0.01522081432143732	0.024019697756648736	0.02465344197500617	0.013455379131044845	0.012785374656152731	0.007958495322944084	-0.002588175526454878	-0.006020478114031724	-0.012623713285835392	-0.006079561467145361
-0.028524345339761448	-0.026869134440679635	-0.022628302345054155	-0.014541238223940697	-0.006603348423492902	0.006763007096933379	0.019600080465597025	0.019937948108417272	0.018797673014858518	0.023772095366993443	0.015184683527998552	-0.001279093802268108	-0.015190707741655776	-0.02206123215021903	-0.0237281049443112	-0.01792238147639716
-0.021966394884188445	-0.013032962830546058	-0.005045479740939329	-0.0031235586291537137	0.0019378272335567742	0.008705403862709113	0.010608922142498978	0.016433543113910154	0.013694936540549457	0.010830667969449315	0.00909767577380044	0.0049710168924986115	-0.003982035271318657	-0.009168966630926118	-0.01034491092398443	-0.015110541938888694
-0.010643491914863773	0.0009978976850989474	0.0031502490173728748	0.0027836771467151245	0.00842029330216143	0.010431917365103252	0.003249463504700442	0.0047033482833152285	0.0030798703841880826	-0.0005048047913470549	-0.0026925308604356657	-0.004847360695728317	-4.4696500851981735e-5	0.00201727845022881	-0.0018766647881298948	-0.0066087348028576465
-3.750831097329432e-5	0.010968083301999776	0.012409577376152212	0.0006269027386758552	0.002933769588417831	0.0016226429299706774	-0.0014113565784959897	-0.003896408829422937	-0.005038731867765267	-0.011091439429570776	3.2594410613956404e-5	0.002811792268630056	0.00401497334467564	0.009733271164365676	0.001685794356842435	0.005289028651590949
0.00917536198334154	0.017168132941205103	0.011617090437930772	-0.0023072689237383093	-0.004022326333866483	-0.011141469287668224	-0.008275270916836691	-0.01567286896515356	-0.018195790151195795	-0.020643741532518897	-0.00923167298307305	-0.00395729968101434	0.007615456931556991	0.009098876974828515	0.010306026293745635	0.012676750723817715
0.013752451651975417	0.01772747910193817	0.013547022770964978	-0.0007214176602501621	-0.005626694737199345	-0.016860790758870037	-0.015172568676615969	-0.016627684417016897	-0.020580130376389227	-0.01388856359255182	-0.0051212690264234445	0.0007307780773191108	0.012826770735117454	0.020331031545463715	0.015365296898101094	0.012819495516875112
-0.0023095210250632103	0.002888891903017138	0.008270043225891269	0.008736216367513927	-0.006189820206931845	-0.010981703655859307	-0.018759896200888332	-0.017048693602438866	-0.018083005709956218	-0.012222134195550516	-0.003610976377994249	0.006236270704039967	0.018779604970270133	0.021650187995361378	0.0038940500003788736	0.011254942160551604
0.007554662821317837	-0.011712031303180437	-0.0032864184094017618	0.010014423669890915	0.004316230707323163	-0.008262097669878246	-0.01717221254532028	-0.012137031709635746	-0.0064246097362402055	-0.00024936482252214953	0.008198510596636524	0.01871830104910986	0.0285817345050466	0.030538936580456685	0.02892055116170182	0.01522552359633092
