-0.14785488327832821
-0.14806612886997128
-0.14851945606138664
-0.14904325505409521
-0.14942783920885427
-0.14949609941132724
-0.14916570965374762
-0.14848074475832046
-0.14759409878846277
-0.146710924237199
-0.14601528644304168
-0.14561151108130696
-0.14549971550818153
-0.14559108759002276
-0.14575235908236459
-0.14586062890480578
-0.14798253983789572
-0.14818792197791902
-0.14862278854535918
-0.14911580607504513
-0.14945947243652452
-0.14947873295767677
-0.1490966687026028
-0.14836420640725026
-0.14744337076646938
-0.14654689982486008
-0.14586329384767643
-0.1454955531857967
-0.1454366741344712
-0.14558611668042815
-0.1457971653460263
-0.14593563326495673
-0.14832733413074775
-0.14850394136314762
-0.14886213441694268
-0.14924592602414022
-0.14946676754149057
-0.14937055579358
-0.14889648160013258
-0.14810698041077802
-0.14716847773983444
-0.14629340878374603
-0.14566511199646953
-0.1453780285053802
-0.14541306471970988
-0.1456548319574306
-0.14594086359071365
-0.14612366596038323
-0.14881988804213922
-0.14895306537446393
-0.1491967648048466
-0.14942075377023706
-0.14947111592099818
-0.1492256076018404
-0.1486477978068475
-0.14781145204053567
-0.14688386778225565
-0.14606950772531313
-0.14553933266507252
-0.14537278024482603
-0.1455346399026114
-0.1458924677473227
-0.14626693995162313
-0.146496907993257
-0.14934517181840945
-0.1494299766565164
-0.14954607530675787
-0.14959851876353342
-0.14947476195084483
-0.14908975840462568
-0.14843041126545975
-0.14757948890437075
-0.1467003164464172
-0.1459853534650449
-0.14558874251538284
-0.1455715534603145
-0.14588009354297243
-0.1463641814425325
-0.14682838573715562
-0.14709918859502202
-0.14976506132489315
-0.1498027562702709
-0.14980245430013225
-0.1497082565522554
-0.14945050421031997
-0.14897648331064767
-0.14828931971531395
-0.14747343991451656
-0.14668421099168333
-0.1461006092750999
-0.14585995243056132
-0.1460049888941248
-0.14646394988783834
-0.14707041146881866
-0.14761563878996853
-0.14791712626513026
-0.14995749483444112
-0.14995220663895775
-0.14986228825588532
-0.14967197521019232
-0.14935021087511233
-0.14886600345336387
-0.14822628371357566
-0.14750672221372157
-0.14685047602845747
-0.14642300418978932
-0.14634761713863492
-0.14665158386148042
-0.14724830334343716
-0.14795927326018113
-0.14856820505984905
-0.14888932628100832
-0.1498591168190928
-0.14981376744093372
-0.14966447504154123
-0.14943615240419866
-0.14912939377471213
-0.1487242129525609
-0.14821616150377137
-0.14766171774169246
-0.147184665269174
-0.14693659358866185
-0.14702832047491152
-0.14747573484554127
-0.1481824525610695
-0.14896561027297506
-0.14961078192239344
-0.1499381778784545
-0.14949472400733177
-0.1494075241116385
-0.149221274240217
-0.14900072464908193
-0.14877656144722703
-0.14852958534985475
-0.14823464043345788
-0.14791586288822328
-0.14767023778484062
-0.1476287156974962
-0.14788867520786847
-0.14845610397319078
-0.14923183324975714
-0.1500395892364199
-0.15068115333149307
-0.15099556621554774
-0.148981115396718
-0.14884698627506437
-0.14862890853483643
-0.14843704065698105
-0.14833168237810682
-0.14829603830129354
-0.1482762387822126
-0.1482571676926145
-0.14829531049170774
-0.1484914640164329
-0.14892100385738233
-0.1495799557533614
-0.15037293762699855
-0.15114492910597077
-0.15173171784008752
-0.15200736978612858
-0.14849848210460548
-0.14831147110311738
-0.14805111301087126
-0.14787583158487833
-0.1478864463183345
-0.14807235212352507
-0.14835636483820833
-0.1486760818156847
-0.14903782089397577
-0.14949562083289827
-0.1500925687900192
-0.1508103129160637
-0.15156446614629063
-0.15223609202480803
-0.15271411775632301
-0.15292352317961921
-0.14822164304858443
-0.14798309411205463
-0.147659428125105
-0.14746535237680755
-0.14754919329963592
-0.14792273368487868
-0.14849150202773714
-0.14914969893451935
-0.1498425818864615
-0.15056578363787557
-0.15131692658764012
-0.15205969856632384
-0.15272518388147366
-0.15324307322332492
-0.1535698588414451
-0.15369321251352613
-0.14823767159802723
-0.14795760371956784
-0.1475557692199275
-0.1473001157338843
-0.14739654316453404
-0.14788858922152565
-0.14868113820684256
-0.14962974081029248
-0.15062021190836045
-0.15158151506850367
-0.15246009542379677
-0.15319813000165483
-0.15374475966951653
-0.15408330177931676
-0.1542428109187978
-0.1542762926223537
-0.14848848826137015
-0.14818674942224952
-0.14770968406447013
-0.14737144803507918
-0.14742881613735515
-0.14796605127156276
-0.14889682653164096
-0.1500534923446754
-0.15126940469538477
-0.15241306912609556
-0.15338109290068397
-0.15409563048240482
-0.1545226993856937
-0.1546946721576094
-0.15470510950558433
-0.15466336689510196
-0.1487912127079233
-0.14849035201981678
-0.1479700965752642
-0.1475669671537106
-0.1475731656950686
-0.14810487247420193
-0.14909382125013115
-0.15036221792604643
-0.15171058857531974
-0.15296260225434244
-0.15397845821626296
-0.1546659090977201
-0.1550040037507159
-0.15506009686471417
-0.15497107873592714
-0.15488279375029557
-0.14893254606128478
-0.14865476267760086
-0.1481471586839626
-0.1477394230078491
-0.14772619541815246
-0.14823961266826674
-0.14922721727676874
-0.15051754241347082
-0.15190080445397286
-0.15318246297012383
-0.15420698038151542
-0.15487775393209757
-0.1551812996892789
-0.1551986221346519
-0.15508011966458948
-0.15498021517878716
