-0.09595150584360891
-0.09961267107877705
-0.10637762233060453
-0.11521645709543636
-0.12478354290456362
-0.13362237766939544
-0.14038732892122294
-0.14404849415639107
-0.1440484941563911
-0.14038732892122294
-0.13362237766939547
-0.12478354290456363
-0.11521645709543638
-0.10637762233060453
-0.09961267107877707
-0.09595150584360891
-0.09961267107877707
-0.10271645709543636
-0.10845150584360891
-0.11594470813973176
-0.12405529186026822
-0.13154849415639108
-0.13728354290456363
-0.1403873289212229
-0.14038732892122294
-0.13728354290456363
-0.13154849415639108
-0.12405529186026823
-0.11594470813973178
-0.10845150584360892
-0.10271645709543636
-0.09961267107877707
-0.10637762233060452
-0.10845150584360891
-0.11228354290456362
-0.11729034060844075
-0.12270965939155924
-0.12771645709543636
-0.13154849415639108
-0.13362237766939547
-0.13362237766939547
-0.13154849415639108
-0.1277164570954364
-0.12270965939155924
-0.11729034060844075
-0.11228354290456362
-0.10845150584360891
-0.10637762233060453
-0.11521645709543638
-0.11594470813973178
-0.11729034060844075
-0.11904849415639107
-0.1209515058436089
-0.12270965939155924
-0.12405529186026822
-0.12478354290456362
-0.12478354290456362
-0.12405529186026822
-0.12270965939155924
-0.12095150584360892
-0.11904849415639109
-0.11729034060844076
-0.11594470813973178
-0.11521645709543638
-0.12478354290456362
-0.12405529186026822
-0.12270965939155923
-0.1209515058436089
-0.11904849415639109
-0.11729034060844076
-0.11594470813973178
-0.11521645709543638
-0.11521645709543638
-0.11594470813973178
-0.11729034060844076
-0.11904849415639107
-0.1209515058436089
-0.12270965939155923
-0.12405529186026822
-0.12478354290456362
-0.13362237766939544
-0.13154849415639108
-0.12771645709543636
-0.12270965939155924
-0.11729034060844075
-0.11228354290456362
-0.10845150584360891
-0.10637762233060453
-0.10637762233060453
-0.10845150584360891
-0.11228354290456362
-0.11729034060844075
-0.12270965939155923
-0.12771645709543636
-0.13154849415639108
-0.13362237766939544
-0.14038732892122294
-0.13728354290456363
-0.13154849415639108
-0.12405529186026823
-0.11594470813973178
-0.10845150584360891
-0.10271645709543636
-0.09961267107877707
-0.09961267107877707
-0.10271645709543636
-0.10845150584360891
-0.11594470813973176
-0.12405529186026822
-0.13154849415639108
-0.13728354290456363
-0.1403873289212229
-0.1440484941563911
-0.14038732892122294
-0.13362237766939547
-0.12478354290456363
-0.11521645709543638
-0.10637762233060453
-0.09961267107877707
-0.09595150584360891
-0.09595150584360891
-0.09961267107877705
-0.10637762233060453
-0.11521645709543636
-0.12478354290456362
-0.13362237766939544
-0.14038732892122294
-0.14404849415639107
-0.1440484941563911
-0.14038732892122294
-0.13362237766939547
-0.12478354290456363
-0.11521645709543638
-0.10637762233060453
-0.09961267107877707
-0.09595150584360891
-0.09595150584360891
-0.09961267107877705
-0.10637762233060453
-0.11521645709543636
-0.12478354290456362
-0.13362237766939544
-0.14038732892122294
-0.14404849415639107
-0.14038732892122294
-0.13728354290456363
-0.13154849415639108
-0.12405529186026823
-0.11594470813973178
-0.10845150584360891
-0.10271645709543636
-0.09961267107877707
-0.09961267107877705
-0.10271645709543636
-0.10845150584360891
-0.11594470813973176
-0.12405529186026822
-0.13154849415639108
-0.13728354290456363
-0.14038732892122294
-0.13362237766939547
-0.13154849415639108
-0.12771645709543636
-0.12270965939155924
-0.11729034060844075
-0.11228354290456362
-0.10845150584360891
-0.10637762233060453
-0.10637762233060453
-0.10845150584360891
-0.11228354290456362
-0.11729034060844075
-0.12270965939155924
-0.12771645709543636
-0.13154849415639108
-0.13362237766939547
-0.12478354290456363
-0.12405529186026823
-0.12270965939155924
-0.12095150584360892
-0.11904849415639107
-0.11729034060844075
-0.11594470813973176
-0.11521645709543636
-0.11521645709543636
-0.11594470813973176
-0.11729034060844075
-0.11904849415639107
-0.12095150584360892
-0.12270965939155924
-0.12405529186026823
-0.12478354290456363
-0.11521645709543638
-0.11594470813973178
-0.11729034060844075
-0.11904849415639107
-0.1209515058436089
-0.12270965939155923
-0.12405529186026822
-0.12478354290456362
-0.12478354290456362
-0.12405529186026822
-0.12270965939155924
-0.12095150584360892
-0.11904849415639109
-0.11729034060844076
-0.11594470813973178
-0.11521645709543638
-0.10637762233060453
-0.10845150584360891
-0.11228354290456362
-0.11729034060844075
-0.12270965939155924
-0.12771645709543636
-0.13154849415639108
-0.13362237766939544
-0.13362237766939544
-0.13154849415639108
-0.12771645709543636
-0.12270965939155924
-0.11729034060844076
-0.11228354290456363
-0.10845150584360892
-0.10637762233060453
-0.09961267107877707
-0.10271645709543636
-0.10845150584360891
-0.11594470813973176
-0.12405529186026822
-0.13154849415639108
-0.13728354290456363
-0.1403873289212229
-0.14038732892122294
-0.13728354290456363
-0.13154849415639108
-0.12405529186026823
-0.11594470813973178
-0.10845150584360892
-0.10271645709543636
-0.09961267107877707
-0.09595150584360891
-0.09961267107877707
-0.10637762233060453
-0.11521645709543636
-0.12478354290456362
-0.13362237766939544
-0.1403873289212229
-0.14404849415639107
-0.14404849415639107
-0.14038732892122294
-0.13362237766939547
-0.12478354290456363
-0.11521645709543638
-0.10637762233060453
-0.09961267107877707
-0.09595150584360893
