-0.14609819355967743
-0.13888859533960796
-0.1333706077539491
-0.13038429439193538
-0.13038429439193538
-0.1333706077539491
-0.13888859533960796
-0.14609819355967743
-0.15390180644032256
-0.16111140466039203
-0.1666293922460509
-0.1696157056080646
-0.1696157056080646
-0.1666293922460509
-0.16111140466039203
-0.15390180644032256
-0.14609819355967743
-0.13888859533960796
-0.1333706077539491
-0.13038429439193538
-0.13038429439193538
-0.1333706077539491
-0.13888859533960796
-0.14609819355967743
-0.15390180644032256
-0.16111140466039203
-0.1666293922460509
-0.1696157056080646
-0.1696157056080646
-0.1666293922460509
-0.16111140466039203
-0.15390180644032256
-0.14609819355967743
-0.13888859533960796
-0.1333706077539491
-0.13038429439193538
-0.13038429439193538
-0.1333706077539491
-0.13888859533960796
-0.14609819355967743
-0.15390180644032256
-0.16111140466039203
-0.1666293922460509
-0.1696157056080646
-0.1696157056080646
-0.1666293922460509
-0.16111140466039203
-0.15390180644032256
-0.14609819355967743
-0.13888859533960796
-0.1333706077539491
-0.13038429439193538
-0.13038429439193538
-0.1333706077539491
-0.13888859533960796
-0.14609819355967743
-0.15390180644032256
-0.16111140466039203
-0.1666293922460509
-0.1696157056080646
-0.1696157056080646
-0.1666293922460509
-0.16111140466039203
-0.15390180644032256
-0.14609819355967743
-0.13888859533960796
-0.1333706077539491
-0.13038429439193538
-0.13038429439193538
-0.1333706077539491
-0.13888859533960796
-0.14609819355967743
-0.15390180644032256
-0.16111140466039203
-0.1666293922460509
-0.1696157056080646
-0.1696157056080646
-0.1666293922460509
-0.16111140466039203
-0.15390180644032256
-0.14609819355967743
-0.13888859533960796
-0.1333706077539491
-0.13038429439193538
-0.13038429439193538
-0.1333706077539491
-0.13888859533960796
-0.14609819355967743
-0.15390180644032256
-0.16111140466039203
-0.1666293922460509
-0.1696157056080646
-0.1696157056080646
-0.1666293922460509
-0.16111140466039203
-0.15390180644032256
-0.14609819355967743
-0.13888859533960796
-0.1333706077539491
-0.13038429439193538
-0.13038429439193538
-0.1333706077539491
-0.13888859533960796
-0.14609819355967743
-0.15390180644032256
-0.16111140466039203
-0.1666293922460509
-0.1696157056080646
-0.1696157056080646
-0.1666293922460509
-0.16111140466039203
-0.15390180644032256
-0.14609819355967743
-0.13888859533960796
-0.1333706077539491
-0.13038429439193538
-0.13038429439193538
-0.1333706077539491
-0.13888859533960796
-0.14609819355967743
-0.15390180644032256
-0.16111140466039203
-0.1666293922460509
-0.1696157056080646
-0.1696157056080646
-0.1666293922460509
-0.16111140466039203
-0.15390180644032256
-0.14609819355967743
-0.13888859533960796
-0.1333706077539491
-0.13038429439193538
-0.13038429439193538
-0.1333706077539491
-0.13888859533960796
-0.14609819355967743
-0.15390180644032256
-0.16111140466039203
-0.1666293922460509
-0.1696157056080646
-0.1696157056080646
-0.1666293922460509
-0.16111140466039203
-0.15390180644032256
-0.14609819355967743
-0.13888859533960796
-0.1333706077539491
-0.13038429439193538
-0.13038429439193538
-0.1333706077539491
-0.13888859533960796
-0.14609819355967743
-0.15390180644032256
-0.16111140466039203
-0.1666293922460509
-0.1696157056080646
-0.1696157056080646
-0.1666293922460509
-0.16111140466039203
-0.15390180644032256
-0.14609819355967743
-0.13888859533960796
-0.1333706077539491
-0.13038429439193538
-0.13038429439193538
-0.1333706077539491
-0.13888859533960796
-0.14609819355967743
-0.15390180644032256
-0.16111140466039203
-0.1666293922460509
-0.1696157056080646
-0.1696157056080646
-0.1666293922460509
-0.16111140466039203
-0.15390180644032256
-0.14609819355967743
-0.13888859533960796
-0.1333706077539491
-0.13038429439193538
-0.13038429439193538
-0.1333706077539491
-0.13888859533960796
-0.14609819355967743
-0.15390180644032256
-0.16111140466039203
-0.1666293922460509
-0.1696157056080646
-0.1696157056080646
-0.1666293922460509
-0.16111140466039203
-0.15390180644032256
-0.14609819355967743
-0.13888859533960796
-0.1333706077539491
-0.13038429439193538
-0.13038429439193538
-0.1333706077539491
-0.13888859533960796
-0.14609819355967743
-0.15390180644032256
-0.16111140466039203
-0.1666293922460509
-0.1696157056080646
-0.1696157056080646
-0.1666293922460509
-0.16111140466039203
-0.15390180644032256
-0.14609819355967743
-0.13888859533960796
-0.1333706077539491
-0.13038429439193538
-0.13038429439193538
-0.1333706077539491
-0.13888859533960796
-0.14609819355967743
-0.15390180644032256
-0.16111140466039203
-0.1666293922460509
-0.1696157056080646
-0.1696157056080646
-0.1666293922460509
-0.16111140466039203
-0.15390180644032256
-0.14609819355967743
-0.13888859533960796
-0.1333706077539491
-0.13038429439193538
-0.13038429439193538
-0.1333706077539491
-0.13888859533960796
-0.14609819355967743
-0.15390180644032256
-0.16111140466039203
-0.1666293922460509
-0.1696157056080646
-0.1696157056080646
-0.1666293922460509
-0.16111140466039203
-0.15390180644032256
-0.14609819355967743
-0.13888859533960796
-0.1333706077539491
-0.13038429439193538
-0.13038429439193538
-0.1333706077539491
-0.13888859533960796
-0.14609819355967743
-0.15390180644032256
-0.16111140466039203
-0.1666293922460509
-0.1696157056080646
-0.1696157056080646
-0.1666293922460509
-0.16111140466039203
-0.15390180644032256
