-1.180737903055063e-5	-1.0873478323163774e-5	-1.4720360909035808e-6	1.1676137942984832e-5	2.260682685477835e-5	2.9010596991794526e-5	3.059688005880055e-5	3.438949943202559e-5	4.2489656171318364e-5	5.682403746341076e-5	7.297996814321635e-5	8.20239619250732e-5	8.593474464263344e-5	8.492168992568614e-5	8.107405903535732e-5	7.840815808084315e-5
-1.2575799080396213e-5	-1.1864513528203952e-5	-2.336400440160664e-6	1.0934082989875359e-5	2.2217680141986877e-5	2.8847118784575407e-5	3.0225742325132844e-5	3.381347063945522e-5	4.1775864951765457e-5	5.6423954605454876e-5	7.253124559168986e-5	8.147870986524927e-5	8.502984168640875e-5	8.412129226675527e-5	8.025855098114807e-5	7.76332047121072e-5
-1.6827010963569686e-5	-1.6378053012782235e-5	-6.946495854413047e-6	6.531716851111815e-6	1.856146987851753e-5	2.559871016454489e-5	2.767420172528767e-5	3.166545259525259e-5	3.959356222809607e-5	5.516594765024593e-5	7.103884204275035e-5	7.967654139119385e-5	8.25530198693011e-5	8.174973208790743e-5	7.800881869379745e-5	7.544130764004076e-5
-2.2719855002324627e-5	-2.23912308110426e-5	-1.3312245815072225e-5	3.2706006160805666e-7	1.2106404656966795e-5	1.9098360329317483e-5	2.202854588291524e-5	2.426304345803663e-5	3.35305978746741e-5	5.334361496689519e-5	6.803046735787848e-5	7.604942378354251e-5	7.82299326762236e-5	7.735377409118466e-5	7.385499937778418e-5	7.147354516916002e-5
-2.8605200029403778e-5	-2.820646788927569e-5	-1.9658957698710937e-5	-6.318183797068991e-6	5.865607369717036e-6	1.254922853566481e-5	1.5005664517948334e-5	1.5912039784951788e-5	2.8236846191145425e-5	4.909719033132764e-5	6.326912544441952e-5	7.061773154651654e-5	7.230107493515366e-5	7.126777446256327e-5	6.806224824569673e-5	6.604817012529908e-5
-3.671959778777158e-5	-3.629026370904135e-5	-2.8411748684476048e-5	-1.4976792772081523e-5	-2.060988817276064e-6	5.406748918683883e-6	6.979610829167949e-6	1.071586732591185e-5	2.660450556918556e-5	4.40148349113181e-5	5.6897622226994844e-5	6.37582026160798e-5	6.542407790205494e-5	6.429601838012699e-5	6.150507542217233e-5	6.008934084055431e-5
-4.669761289595303e-5	-4.663534660191561e-5	-3.9613799145137646e-5	-2.545221760916244e-5	-1.0946299013369281e-5	-5.244250236542648e-6	-1.1881625643894294e-6	8.808887964361695e-6	2.4466639737201018e-5	4.0225531061762696e-5	5.1444677661490064e-5	5.7134006257513386e-5	5.880249644216136e-5	5.754930689184329e-5	5.5233439883781e-5	5.457691061010433e-5
-5.659719025061585e-5	-5.58365025369064e-5	-5.063097475706823e-5	-3.902487952552782e-5	-2.6476752312571447e-5	-1.7347954541068578e-5	-8.44131482142225e-6	6.3272913443219135e-6	2.382350180575883e-5	3.9083980904534876e-5	4.9746069179139205e-5	5.537866725632831e-5	5.740989991630214e-5	5.6368116718919956e-5	5.454954875720771e-5	5.4212550063223827e-5
-6.675575355354248e-5	-6.662369519663602e-5	-6.30655056516094e-5	-5.701316001979916e-5	-4.677718165867244e-5	-3.098695373262596e-5	-1.2922153437911637e-5	5.6308031494477575e-6	2.2709735111712403e-5	3.770486345876131e-5	5.0510514300390526e-5	5.784133014488679e-5	6.108465713978123e-5	6.083867811486339e-5	5.914751416509701e-5	5.8445416363774445e-5
-6.908492522831748e-5	-6.943963339590926e-5	-6.730501367476817e-5	-6.408999267835459e-5	-5.616575284272127e-5	-4.3042618732882175e-5	-2.170742700716784e-5	7.061432226023194e-7	2.0511645837231046e-5	3.7489571561354784e-5	5.126091008865924e-5	5.909265016699394e-5	6.386290794391212e-5	6.440100240787924e-5	6.275560563420349e-5	6.158966020815867e-5
-6.468498716861234e-5	-6.490169558245136e-5	-6.334282103935595e-5	-6.0884456523137634e-5	-5.403862507501363e-5	-4.449034035789676e-5	-2.8619417590449272e-5	-8.313257349380006e-6	1.4225313817308924e-5	3.52239669796784e-5	5.0402319670067065e-5	6.172230723393719e-5	6.721540700962212e-5	6.782535091185056e-5	6.687671211245893e-5	6.52354473360384e-5
-6.168127012331169e-5	-6.164233414493925e-5	-6.027231675931788e-5	-5.791298623715349e-5	-5.0561889393880666e-5	-4.0414758099823703e-5	-2.872567545840932e-5	-1.3976685322369075e-5	7.929498246997423e-6	3.072273149398524e-5	5.240392647260368e-5	6.590323021022921e-5	7.295803177168801e-5	7.363751807479095e-5	7.22730008592628e-5	7.051358491490746e-5
-6.009068588454258e-5	-5.984289186446829e-5	-5.8517813766540056e-5	-5.594036178532054e-5	-4.793283083103753e-5	-3.701095185082274e-5	-2.6683008057577936e-5	-1.4947455751143494e-5	5.052989504247872e-6	3.017446439727904e-5	5.439739429764434e-5	7.022012834968625e-5	7.77542940836367e-5	7.696751735579722e-5	7.56491090928536e-5	7.383330972549835e-5
-5.953069584949903e-5	-5.8991524846289576e-5	-5.766779496565479e-5	-5.5095040542300975e-5	-4.63691602320004e-5	-3.5331946122690167e-5	-2.5191141371771857e-5	-1.4833540152667452e-5	3.2661743114071923e-6	3.2825277072058275e-5	5.532674595922193e-5	7.34685877024306e-5	7.859200113475182e-5	7.82035419592166e-5	7.68643266190493e-5	7.492971959836446e-5
-5.933393969167436e-5	-5.87009319924619e-5	-5.742454140707156e-5	-5.463462148240104e-5	-4.560230598810698e-5	-3.439096686589293e-5	-2.452050520691893e-5	-1.4640352684782483e-5	3.5973123327825616e-6	3.271685541927742e-5	5.5748610578914735e-5	7.473831730939716e-5	7.950372603451075e-5	7.908663591928131e-5	7.765782018771911e-5	7.56190169340017e-5
-5.923107928888804e-5	-5.856816073703257e-5	-5.734796355258897e-5	-5.438979573209183e-5	-4.5140867551583244e-5	-3.4006738892153245e-5	-2.45118726240923e-5	-1.5767212113122666e-5	4.72853961250633e-6	3.2613346446191635e-5	5.614739144923478e-5	7.525611190595764e-5	7.995594265878527e-5	7.950575466894401e-5	7.798746094864661e-5	7.589722920088197e-5
