-0.15862420886994116
-0.13778012278597362
-0.14276925584913003
-0.14106941310296295
-0.1535432608468862
-0.16370249622094935
-0.17662354069820788
-0.18835360889648503
-0.21046647755846307
-0.20825062042181075
-0.19848539024222395
-0.1996972580224968
-0.1918984533791927
-0.18370582180751951
-0.2094290741613562
-0.22053292044354542
-0.1560966330227466
-0.14136227846433094
-0.15473546270322536
-0.15884092246072917
-0.1681130468690074
-0.17640117068579242
-0.1805034719992546
-0.18693055802389494
-0.19334315680889097
-0.19469787730937207
-0.18739519964098272
-0.19896845540544922
-0.23473935182621283
-0.13791342087851105
-0.195798048540637
-0.2225565730251407
-0.1826999532522983
-0.1496234867504824
-0.15543161349408421
-0.17088229790236945
-0.1669674788088453
-0.1736761536543105
-0.17608535463282374
-0.17913361696505675
-0.18244776225221554
-0.195600508393672
-0.2043638461867046
-0.19363326571268077
-0.19647801638034196
-0.13923502733979243
-0.1750675723733467
-0.18800472526923367
-0.206673998602313
-0.174065568354076
-0.16024200811681974
-0.18884699618053385
-0.18616937676852655
-0.18252834706262316
-0.18051855683429846
-0.1905327649595184
-0.19370185991087005
-0.19013031715189108
-0.1930701034553225
-0.17497001684772268
-0.16163195846243966
-0.13477012225016644
-0.14735057073866525
-0.16011391353395438
-0.21024703146076687
-0.18542019439779836
-0.16722424178325615
-0.19929186194585366
-0.19251313719823332
-0.19627757512436222
-0.18829919184260974
-0.18522805708173556
-0.18327082213671708
-0.17433130116157347
-0.17028045002715542
-0.15417793063970037
-0.17811116806442154
-0.16659135845027093
-0.1720179955933472
-0.1785975539023997
-0.20558626926246157
-0.19958595072232263
-0.18858747302569115
-0.19399177316729851
-0.1892910728382393
-0.19818430373553791
-0.18958247233921607
-0.1790730650478491
-0.1819328134475934
-0.1758596768412745
-0.18021493251081633
-0.16033213709900415
-0.18634444941498493
-0.1902247670011143
-0.19344845275236422
-0.19950708282764118
-0.20765151536785229
-0.1944233832655283
-0.1871926563608218
-0.19531750248152477
-0.19869094902280873
-0.19119790920005306
-0.18385524025849526
-0.18223911094242576
-0.18072178915425446
-0.17537130769972362
-0.1811319450182066
-0.16479356215996055
-0.1561171398885846
-0.175436472358472
-0.18752870289723717
-0.20249517979408566
-0.1989098054961787
-0.1905481712875954
-0.18985553254047388
-0.2006409653496006
-0.20222257020807063
-0.1996445471955746
-0.18751148632382053
-0.17741881605926402
-0.18283550103631654
-0.1799269006650168
-0.17491214393138504
-0.1709024398177158
-0.14454154594204208
-0.1634276070470023
-0.1783438698255228
-0.1809826545620416
-0.2097144121588001
-0.19641440080856848
-0.19609929978040985
-0.1916862155871455
-0.20230563655521397
-0.1951147035050368
-0.1808270159579269
-0.16820923207231753
-0.17857261306643213
-0.1778587241522673
-0.16898033229200943
-0.16712152507487532
-0.16411876198819927
-0.1649949548155895
-0.1572950300087478
-0.15597950496656002
-0.20789042780778252
-0.20655455513725182
-0.18546041194561785
-0.2036634851125558
-0.20213784980169086
-0.17985445280126267
-0.17512872251218597
-0.16509559026717727
-0.16725841676662387
-0.16430921920028305
-0.16217171570975847
-0.17175149248380522
-0.17690910071547286
-0.16176047420493156
-0.1547320858976341
-0.1483784554304738
-0.1989059280190221
-0.19988115461194683
-0.1929157852120899
-0.19196575414105427
-0.19014923315278284
-0.17954182104076571
-0.17657745220466023
-0.1833723234404718
-0.17692921163282962
-0.1726398497038727
-0.17433832755959577
-0.1610732560188591
-0.16715181562906767
-0.16627998663617022
-0.16156094263629822
-0.1554488599959027
-0.17854258073986326
-0.18058226085476858
-0.17226329082618871
-0.1851853492847006
-0.19061297535550692
-0.1755644623654189
-0.16965197767598944
-0.17901138845632675
-0.17760565211214452
-0.17720882090373177
-0.1761269804554941
-0.17257562792928718
-0.16607691130779156
-0.1563329855431631
-0.17095421429426502
-0.16575433738489134
-0.16299484550640383
-0.1708513372986788
-0.17695995281019092
-0.16873790002677544
-0.20922638744887764
-0.20531903831282464
-0.1806815074059763
-0.1873453668621869
-0.19100427161357234
-0.18238088016600956
-0.17968057432920953
-0.1807292398508278
-0.16400909725378368
-0.17838538927452982
-0.18203401732945257
-0.17416777463083255
-0.1571850094013999
-0.15524733017586062
-0.1523749326754067
-0.17801227367240424
-0.20146157940719858
-0.18186946381490812
-0.17528911524673305
-0.1761133143002133
-0.18440194583675326
-0.17940237798640238
-0.19006975714200938
-0.18140129757672435
-0.1932747888805009
-0.17053631743777314
-0.18653756030727622
-0.1860336958046555
-0.14951710979812508
-0.1408317440589101
-0.14442396986247127
-0.189940214715085
-0.1883507148679871
-0.18607237153189662
-0.17439977264289994
-0.18217371551700853
-0.1822890527584675
-0.17767042674737238
-0.1888716806769615
-0.19809786578033053
-0.19778270034622905
-0.18725196701316651
-0.19894935812586273
-0.1990181816805663
-0.16446727221449908
-0.13701172882826126
-0.14782307466903138
-0.15979854595146586
-0.17333319110687825
-0.16739334044484364
-0.1794995913991479
-0.16910044421644513
-0.16648008362811587
-0.16560966833827492
-0.17374370884559567
-0.18591431452455376
-0.18887361202155556
-0.1926385378489584
-0.20909868655204708
-0.21855435644121857
