-0.09299382693481151
-0.0837928776918442
-0.08605021795585255
-0.09290620033756289
-0.10301912991690036
-0.11513086815055854
-0.12313605028506662
-0.1362989666941313
-0.15330788824432506
-0.1555887725535839
-0.1510308208360867
-0.14408600246736436
-0.13487313217304955
-0.12663487726924752
-0.13593189869445868
-0.11722888008324579
-0.0968211197677385
-0.08948224109615359
-0.09652748962393422
-0.09877711970318227
-0.10723226384413183
-0.11829881356952697
-0.12757535066453365
-0.13354409840914203
-0.15092442630094785
-0.14458145698693714
-0.13628564521946468
-0.12941924561922313
-0.12321919598001783
-0.11955606380262546
-0.12865960225337394
-0.13576732316344867
-0.11086976250763507
-0.10619906880562177
-0.10943061773208627
-0.11375863303362828
-0.12446187986344832
-0.12499466524360899
-0.12633423043094624
-0.1228076467373317
-0.1453379617366134
-0.1327619368363757
-0.1283982451390182
-0.12121280029324326
-0.1220052872314647
-0.1180014713854261
-0.11944641386954512
-0.125996077800961
-0.1258860077316304
-0.12308035762104759
-0.11457129830228334
-0.11758434870643603
-0.11046525741269214
-0.11705991955267453
-0.12050217325502556
-0.11180844906996797
-0.1354927440675496
-0.12583321802071296
-0.12127161471355309
-0.12415664016588776
-0.12709081182830193
-0.12477670952051838
-0.11397344302404532
-0.110937082173718
-0.13882451884107286
-0.1336008213587501
-0.1291010464473148
-0.1244331586859093
-0.12981411804967363
-0.11855457879660168
-0.11822252994747472
-0.11735008360460111
-0.125651842579884
-0.11535251337488399
-0.10752441483757035
-0.11228268750701854
-0.11923878342930286
-0.12157140287693112
-0.12348016081537261
-0.11473226344906791
-0.14682334804962302
-0.1434952607368815
-0.13721205211923135
-0.1306327971256377
-0.12708819319533565
-0.1173070287872371
-0.11157988015926673
-0.11822586522268692
-0.11052733351150737
-0.1035781390418545
-0.09801958847850566
-0.10475497940063386
-0.11751909161827276
-0.12531229660247895
-0.12326524656042293
-0.125552438278319
-0.14993023557406282
-0.14825861483270084
-0.14478954188578103
-0.1362399190182215
-0.12218980783182723
-0.11878094645539439
-0.11263805279613309
-0.10883447753883091
-0.09634462767413475
-0.09784258370110993
-0.09946699359073592
-0.10102402765727306
-0.10788794199561376
-0.11788902577205233
-0.12721140204449724
-0.13311692068505204
-0.14826703823900625
-0.14994036479642495
-0.1468658970426114
-0.14593321697584408
-0.13328001462530248
-0.12510029538531484
-0.11103147217179946
-0.1007638451479149
-0.0952785089870191
-0.08994407921669438
-0.09490932279546184
-0.09984791467303185
-0.11162437480876247
-0.11624035549579395
-0.1234263159330434
-0.1273534888050721
-0.14515372444398722
-0.14724553498846243
-0.14572172780794304
-0.14112877661209122
-0.13193135286317845
-0.11969415077013888
-0.11085629332707457
-0.10013010092955746
-0.09641878408057786
-0.09268268579005508
-0.09653280069458899
-0.10099023771137418
-0.1141472959948047
-0.12019280145516628
-0.12446062804056075
-0.12164106683167657
-0.14449488032981458
-0.1453150593421455
-0.1413633817219847
-0.13471595012951804
-0.11461058088358962
-0.12484908545298477
-0.1144606357943256
-0.11059991272922338
-0.09217261277273833
-0.0976208378741596
-0.10322126188678342
-0.11070411050834784
-0.12025641261129595
-0.11660502068798818
-0.12067364003915942
-0.11619407296225391
-0.14414948946530068
-0.14158856142540122
-0.1352392503897619
-0.13076881565075885
-0.12931147298914983
-0.1275608676214154
-0.11739914849593149
-0.10992428473540651
-0.1021056570804422
-0.10318586713076318
-0.11114403670404457
-0.10634502791999058
-0.11560929531367758
-0.11357277487003235
-0.11589451928255787
-0.10909183001180423
-0.13556422999033996
-0.1326619969161593
-0.12757731043223527
-0.12797192807343108
-0.12351094592693108
-0.14088280311694473
-0.12597636835910517
-0.11299301052066484
-0.12032758795865918
-0.11231932371594214
-0.12079206883546008
-0.1124046648268063
-0.1191737567764507
-0.11521393006241265
-0.11105406990440078
-0.10033019310728121
-0.12285704592863035
-0.1219123804697754
-0.1181719250864068
-0.11793853297800189
-0.10995486792548152
-0.11603403780419512
-0.13105353286506596
-0.12163666968284595
-0.13614221358526468
-0.12669169466287789
-0.1240999883611202
-0.12076856955988798
-0.11716808597300662
-0.11122852112515076
-0.10393005442128911
-0.09236977133856232
-0.10379600354170634
-0.10220022099950159
-0.10848353702683669
-0.11305853300123166
-0.11557992874855233
-0.12322052633849476
-0.13717602898001002
-0.12331081872247247
-0.14477089154177827
-0.13688542372636248
-0.12953121570616227
-0.12388910650502977
-0.12452350069456693
-0.11121746261092737
-0.10606626910007498
-0.09217072281110256
-0.08454066221330395
-0.08582154346424126
-0.09935766084533165
-0.11195848509912561
-0.12195094443646556
-0.13323469870506072
-0.13563373966239478
-0.12856842142556715
-0.14778339680457941
-0.1418934050803755
-0.13916020769269352
-0.13870153456438047
-0.1300813026274773
-0.12191824600646253
-0.1276544441560122
-0.09513474069856641
-0.09486603216461814
-0.06387874626738556
-0.08081156457228697
-0.09466552802361769
-0.10663558186900882
-0.10830049815564897
-0.11297804345230728
-0.12129601856258172
-0.14270592438096077
-0.14873291960828414
-0.14699606372408056
-0.13875946550480012
-0.13137174343257335
-0.12756783340434782
-0.12236743550884387
-0.10955801930823271
