-0.08613297870147058
-0.10043485387178475
-0.07757758529538542
-0.06808098969534288
-0.08232415920821216
-0.08307817704728396
-0.10311062281066999
-0.10600785950676025
-0.11222660265155351
-0.09679939319171461
-0.10009721423391632
-0.11068063960207586
-0.1300876754560802
-0.11121200776437541
-0.13195433000979917
-0.10134499762356611
-0.06889783813538101
-0.09040838762092378
-0.07513780717479158
-0.08332702158777369
-0.08672786900551338
-0.084836715759171
-0.09596234342540817
-0.09728063189289066
-0.10372749654553322
-0.10812362142060145
-0.10456482261056431
-0.09745892349025181
-0.11587799134570728
-0.11373742816698634
-0.1201286477115383
-0.1264433011433912
-0.12083719640385525
-0.1064672605629934
-0.0868017371153507
-0.09954279498303528
-0.09481492765601252
-0.09141541189254884
-0.10109750031621513
-0.09629256155361747
-0.10427434731168624
-0.10890186248954745
-0.11294543560894721
-0.11036919743807995
-0.10231050293130718
-0.10693680984826028
-0.11835074863415165
-0.09799418297294463
-0.10634524458271996
-0.09006774111421928
-0.09951996556748645
-0.09852047172205149
-0.09979814663028068
-0.10047570750599923
-0.10392863469049005
-0.09233392865261593
-0.0973310491581161
-0.10057693187003595
-0.09907044076870944
-0.10353394052942377
-0.09850073130690731
-0.11530324202402037
-0.11645667020344454
-0.11190989174557663
-0.11367355699500359
-0.1118934961227288
-0.10584909610778047
-0.10828278144216386
-0.10286888429088907
-0.10452570706571428
-0.10898595887665588
-0.0986609610955129
-0.10637984434341313
-0.09955075217375443
-0.09014917627698145
-0.10495971960391326
-0.10412809364809916
-0.10829726199621752
-0.10287008292685779
-0.09401698094767023
-0.1134760719543423
-0.11191762538756773
-0.10317908327597405
-0.11149213961634322
-0.1079512297539022
-0.10692981404636563
-0.11025853267788302
-0.1004965320991101
-0.10381844445504773
-0.09463792555909396
-0.08371888551125309
-0.11263015943521447
-0.1196801003143294
-0.1026076359138732
-0.08216950756395197
-0.0875723497331463
-0.11689524225988533
-0.11689123229266335
-0.10898799697683262
-0.11155657599786321
-0.10487878899886233
-0.10563619880067028
-0.10679065889655821
-0.1008677859069132
-0.10592154894246732
-0.09912471438910773
-0.0900997961477948
-0.09543182895129286
-0.07707261497405975
-0.09050097018713579
-0.07973151002370617
-0.08204532350874194
-0.10582292602764398
-0.1146183134704407
-0.107023640183469
-0.12009723152579359
-0.10822069617114154
-0.10095823878103587
-0.10084735877771833
-0.09611469818695456
-0.10024903692616369
-0.0992880256453697
-0.09573331227365525
-0.10037644778769929
-0.08312264567018073
-0.07981567972404412
-0.08406493047432965
-0.09189296116733087
-0.09250572177179636
-0.1059603528585323
-0.11406768177474004
-0.11642543627862006
-0.11515321828553646
-0.11014743496279583
-0.10421710095024155
-0.10215642778115241
-0.08823056798851167
-0.08795865152088517
-0.08677387735710135
-0.08000175926498718
-0.08250580789152274
-0.08188918150420388
-0.09176811492261398
-0.09021036884921224
-0.10017540597764363
-0.10737272023877893
-0.10484346318997277
-0.11589933863345252
-0.11428720436847267
-0.10752356688609083
-0.10307423035982496
-0.09814595251319243
-0.0980405065641789
-0.09771169864179573
-0.09386048929228244
-0.08849670518700221
-0.09030087870968566
-0.09260249007548592
-0.08498902372651314
-0.0797877392320368
-0.1101160077551448
-0.10313932477773999
-0.09426181193632822
-0.11690461497477535
-0.11189129622195697
-0.11119291150723819
-0.10283155369741212
-0.10115438864013232
-0.08896000048011671
-0.08747615900527632
-0.09261530270924342
-0.0924145169471
-0.08186552247508642
-0.0946246884336106
-0.0875535073121331
-0.0758467616662665
-0.1091194836550117
-0.10479872646605644
-0.09820832374799628
-0.11685161415438462
-0.10469887265577986
-0.10365159383572696
-0.0984982633664587
-0.09442237310708618
-0.08765626705294974
-0.0921862995753236
-0.09108710579173328
-0.09003903722890465
-0.08948220856727125
-0.0978674387631819
-0.09315949585690805
-0.0816511862489973
-0.09107886699677636
-0.09536323858975196
-0.11758585736819424
-0.11260879222739634
-0.09902075450232374
-0.1018421353800242
-0.09087923662346958
-0.09846531474904742
-0.0999279709012413
-0.0960632794165919
-0.08709857035559909
-0.09224558355973421
-0.09053496131869548
-0.0994413021145438
-0.10303247794690172
-0.09775481257369383
-0.10653726213906292
-0.10304407489245317
-0.09124577543875097
-0.09259832976902359
-0.09019384421859089
-0.10718105217145574
-0.0845663054466265
-0.1006100653857017
-0.09629212923771162
-0.09921372487620686
-0.10558719177829443
-0.10270272288898712
-0.10004678006417589
-0.11277608689954495
-0.11120865933049599
-0.10094428610699492
-0.08381213876205999
-0.08332749540079064
-0.07688373631562043
-0.08050368172532163
-0.08975564328067447
-0.117683778213267
-0.101255765769377
-0.10710297791317451
-0.10411519719168015
-0.09955512075951842
-0.1062287359828671
-0.1099956978962861
-0.1176595403009477
-0.12421443453881596
-0.11608448438233106
-0.13277676394654742
-0.08318234343794165
-0.06319232385804005
-0.08647553585871788
-0.07923622530104388
-0.09580410673505084
-0.09932040576169231
-0.1015994967206295
-0.09977220130139161
-0.10109068921620215
-0.09187586209346538
-0.10747752527428442
-0.10039010069876825
-0.12555094607708536
-0.12197370700660132
-0.11134302652392283
-0.12469283250028061
