-0.13895622996367904
-0.15540941004558695
-0.10844081236822835
-0.09679487171006948
-0.13200419822340015
-0.13924219446080796
-0.17396346053533496
-0.16367133017658683
-0.15630040462583208
-0.13821136415519902
-0.1465706043566273
-0.1729146301575407
-0.20449707047551688
-0.16278095064011613
-0.2107043396904066
-0.1270730377188605
-0.04166255060853228
-0.1088197771668471
-0.08925046122845179
-0.11790020039042566
-0.1379192610455383
-0.13569783945148117
-0.15451874876597088
-0.14579586003970918
-0.14958404509104692
-0.14348957278168217
-0.1463313083254927
-0.15221831106920822
-0.16840620006623563
-0.18066137587867337
-0.19617407490283692
-0.22460539930954265
-0.21389593562670683
-0.1629394222757763
-0.1303645916416629
-0.1445130443987543
-0.1523849977426252
-0.13668698601483822
-0.1567063066108781
-0.14750528150824965
-0.1585253589380521
-0.16272879649643374
-0.1545591206365018
-0.1505247930699937
-0.14247146397008
-0.15826406704042562
-0.15516382459197758
-0.0893427448585082
-0.18912608849063747
-0.1661171232371438
-0.14821960160489905
-0.14301769614713686
-0.15819422543902867
-0.1494314798565567
-0.1526628135620421
-0.1404792046549136
-0.15546950477105634
-0.15276841755752585
-0.1332380291126523
-0.14307219876700691
-0.14206107299747694
-0.1860330796182299
-0.14496385938333914
-0.13336380673850748
-0.1758192454863052
-0.17434353100169528
-0.1637364543646692
-0.1518366854470702
-0.15521656919289548
-0.1497249057697257
-0.1586170078185643
-0.15212573539977833
-0.16313696113427295
-0.14978202153259296
-0.13826632551152687
-0.14632559918265542
-0.15407871682670707
-0.1693448841989928
-0.15158528116410955
-0.14262417088775112
-0.17354965171579234
-0.1713381240427501
-0.15351365536755288
-0.1604118545929706
-0.15629799595270247
-0.16696137256570207
-0.1553984681843858
-0.14663508809366335
-0.16339869986408326
-0.14225910407078032
-0.1242602562024592
-0.13757009129613673
-0.16365468890180457
-0.17632717030081582
-0.14659762620390535
-0.1497060939821167
-0.17221988259465218
-0.17849925699186545
-0.16728058182035982
-0.15489329693520024
-0.1504276085556819
-0.1515438061860104
-0.15537586458997937
-0.1626068636157069
-0.17060465097252758
-0.14933421735749586
-0.13302177320891623
-0.14533937734764368
-0.14884488269604002
-0.15308054948965563
-0.1283256123339553
-0.132396775997011
-0.15271553154435466
-0.17589770055375367
-0.170647681753319
-0.16276415623812257
-0.16494087858663153
-0.15310965431995965
-0.15153332308682269
-0.14430293576611458
-0.15739339009126754
-0.15084661708753566
-0.146960974287387
-0.17412908596562776
-0.1422957530003218
-0.13344733675246925
-0.1244383250413399
-0.15415132023475006
-0.14423901498635502
-0.1642723822187358
-0.15704050737803227
-0.1731450211691535
-0.18290076130795532
-0.17074157481834085
-0.15756397801132313
-0.1454976107415226
-0.1327638529222091
-0.12648611736392407
-0.13645606894412585
-0.1311413224794145
-0.12606942685617173
-0.1195333680686731
-0.13656647654836004
-0.13875118677847373
-0.1517338030626519
-0.15042879688400868
-0.12597995569575055
-0.1963670418099719
-0.1674770810831517
-0.15578818317145154
-0.14171351188525233
-0.14153610420061746
-0.1447933344250449
-0.14752905834634925
-0.1418709788690691
-0.13809566886842858
-0.13382681729703214
-0.1254499321318408
-0.13018976770470783
-0.12542272121175868
-0.17232836282586528
-0.14183669299188317
-0.11077604103667442
-0.1973997130591203
-0.16695634775867008
-0.16645503886869364
-0.1471195417719121
-0.14018984380470914
-0.15479804832385294
-0.1475285163456114
-0.15333349731436124
-0.14373751088889397
-0.14656366234286514
-0.13567778149511975
-0.1235053502034725
-0.11365748435047276
-0.1690980465285692
-0.1635235157475423
-0.13663174228980846
-0.14760334765413902
-0.1517507771212732
-0.15746617893178907
-0.14558470152782016
-0.16664795965730855
-0.15091812009961733
-0.14956732693327532
-0.14981987103665037
-0.1387445466010347
-0.14023193502871234
-0.14368509632699547
-0.13041221971143033
-0.1184006711171275
-0.12200553936865878
-0.13293215961714888
-0.16799108633541582
-0.14490750132861407
-0.14309972740037283
-0.15249485556487344
-0.13904588122408193
-0.1556329844148122
-0.1582372312613775
-0.16052546695087455
-0.14653411095435395
-0.13894508623952911
-0.13521657645259583
-0.13913960210763587
-0.1473084928150058
-0.14259611915908474
-0.16254612802887344
-0.14635680729741957
-0.16232187393986378
-0.13942066187478366
-0.13285132505081362
-0.14016530569370053
-0.1323866695883548
-0.16104099188934845
-0.15141704537477382
-0.15890406654831524
-0.1637763050703429
-0.153874944392987
-0.13932388820962646
-0.15448591277442897
-0.16437022402813775
-0.1500144584658836
-0.1467175498809789
-0.12456711837158897
-0.1329551513841089
-0.12170137291267825
-0.14054870176670034
-0.15260581942001103
-0.1596243161928589
-0.16476471333161163
-0.15732689065266914
-0.15021742966052723
-0.15826800594059115
-0.1578569415573053
-0.17313623472799977
-0.1707179444041824
-0.16377283144015822
-0.20463466999598892
-0.1250289090189724
-0.09833293616718672
-0.15117321544357779
-0.10492575352044081
-0.12451840874267546
-0.14007690938364142
-0.16735460604957658
-0.1507576688812953
-0.14656307361962567
-0.13375815046955838
-0.1568520430775401
-0.15665904271396422
-0.18599906367953994
-0.17308235704560995
-0.14887165418531154
-0.18560447541577274
